S RI-big
    13
1 0 0 1 1
      2.06400626             1.0000000
1 0 0 1 1
       .93603209             1.0000000
1 0 0 1 1
       .38913549             1.0000000
1 0 0 1 1
       .19781082             1.0000000
1 1 1 1 1
      2.62578939             1.0000000
1 1 1 1 1
      1.17330564             1.0000000
1 1 1 1 1
       .63125153             1.0000000
1 1 1 1 1
       .32454873             1.0000000
1 2 2 1 1
      1.11538470             1.0000000
1 2 2 1 1
       .60336661             1.0000000
1 2 2 1 1
       .24224219             1.0000000
1 3 3 1 1
      1.13232061             1.0000000
1 3 3 1 1
       .52933986             1.0000000

S RI-huge
    20
1 0 0 1 1
      4.68599401             1.0000000
1 0 0 1 1
      2.06400626             1.0000000
1 0 0 1 1
       .93603209             1.0000000
1 0 0 1 1
       .38913549             1.0000000
1 0 0 1 1
       .19781082             1.0000000
1 1 1 1 1
      2.62578939             1.0000000
1 1 1 1 1
      1.17330564             1.0000000
1 1 1 1 1
       .63125153             1.0000000
1 1 1 1 1
       .38454873             1.0000000
1 1 1 1 1
       .20             1.0000000
1 2 2 1 1
      3.23802524             1.0000000
1 2 2 1 1
      1.11538470             1.0000000
1 2 2 1 1
       .60336661             1.0000000
1 2 2 1 1
       .24224219             1.0000000
1 3 3 1 1
      1.8154279285           1.0000000
1 3 3 1 1
      1.0290097097           1.0000000
1 3 3 1 1
      0.48920031399          1.0000000
1 3 3 1 1
      0.2               1.0000000
1 4 4 1 1
      2.9569474559           1.0000000
1 4 4 1 1
      0.86383824993          1.0000000

Se RI-big
    16
1 0 0 1 1
      4.79770010             1.0000000
1 0 0 1 1
      2.07797730             1.0000000
1 0 0 1 1
       .57258705             1.0000000
1 0 0 1 1
       .36861789             1.0000000
1 0 0 1 1
       .19814574             1.0000000
1 1 1 1 1
      3.83263960             1.0000000
1 1 1 1 1
      1.70513080             1.0000000
1 1 1 1 1
      1.00255520             1.0000000
1 1 1 1 1
       .52296061             1.0000000
1 1 1 1 1
       .27160705             1.0000000
1 2 2 1 1
      1.33963180             1.0000000
1 2 2 1 1
       .76154142             1.0000000
1 2 2 1 1
       .49294005             1.0000000
1 2 2 1 1
       .20587338             1.0000000
1 3 3 1 1
      1.49264610             1.0000000
1 3 3 1 1
       .33015467             1.0

Se RI-huge
    21
1 0 0 1 1
      4.79770010             1.0000000
1 0 0 1 1
      2.07797730             1.0000000
1 0 0 1 1
       .57258705             1.0000000
1 0 0 1 1
       .36861789             1.0000000
1 0 0 1 1
       .19814574             1.0000000
1 1 1 1 1
      3.83263960             1.0000000
1 1 1 1 1
      1.70513080             1.0000000
1 1 1 1 1
      1.00255520             1.0000000
1 1 1 1 1
       .52296061             1.0000000
1 1 1 1 1
       .27160705             1.0000000
1 2 2 1 1
      3.46986870             1.0000000
1 2 2 1 1
      1.33963180             1.0000000
1 2 2 1 1
       .76154142             1.0000000
1 2 2 1 1
       .49294005             1.0000000
1 2 2 1 1
       .20587338             1.0000000
1 3 3 1 1
      2.73267160             1.0000000
1 3 3 1 1
      1.49264610             1.0000000
1 3 3 1 1
       .71106020             1.51108462
1 3 3 1 1
       .33015467              .23614718
1 4 4 1 1
      2.95981490             1.0000000
1 4 4 1 1
       .76283655             1.0000000

Mo RI-big
    17
1 0 0 1 1
      2.19798331             1.0000000
1 0 0 1 1
      1.09216673             1.0000000
1 0 0 1 1
       .61908262             1.0000000
1 0 0 1 1
       .36039191             1.0000000
1 0 0 1 1
       .18554526             1.0000000
1 1 1 1 1
      2.10066062             1.0000000
1 1 1 1 1
      1.39070115             1.0000000
1 1 1 1 1
       .49877762             1.0000000
1 1 1 1 1
       .22373117             1.0000000
1 2 2 1 1
      2.30259649             1.0000000
1 2 2 1 1
      1.43917051             1.0000000
1 2 2 1 1
       .57669780             1.0000000
1 2 2 1 1
       .34695601             1.0000000
1 3 3 1 1
      1.10362819             1.0000000
1 3 3 1 1
       .41052263             1.0000000
1 4 4 1 1
      1.61595313             1.0000000
1 4 4 1 1
       .57                   1.0000000

Mo RI-huge
    28
1 0 0 1 1
      3.4828                 1.0000000
1 0 0 1 1
      2.2385                 1.0000000
1 0 0 1 1
      1.32947                1.0000000
1 0 0 1 1
      0.639555               1.0000000
1 0 0 1 1
      0.4                    1.0000000
1 0 0 1 1
      0.215886               1.0000000
1 1 1 1 1
      4.64543                1.0000000
1 1 1 1 1
      1.70075                1.0000000
1 1 1 1 1
      1.26093                1.0000000
1 1 1 1 1
      0.419826               1.0000000
1 1 1 1 1
      0.241546               1.0000000
1 2 2 1 1
      2.49531                1.0000000
1 2 2 1 1
      1.51889                1.0000000
1 2 2 1 1
      0.815331               1.0000000
1 2 2 1 1
      0.5                    1.0000000
1 2 2 1 1
      0.345202               1.0000000
1 3 3 1 1
      3.36498                1.0000000
1 3 3 1 1
      2.29578                1.0000000
1 3 3 1 1
      0.967481               1.0000000
1 3 3 1 1
      0.465046               1.0000000
1 3 3 1 1
      0.262719               1.0000000
1 4 4 1 1
      2.0533                 1.0000000
1 4 4 1 1
      1.06717                1.0000000
1 4 4 1 1
      0.490105               1.0000000
1 4 4 1 1
      0.262828               1.0000000
1 5 5 1 1
      2.21358                1.0000000
1 5 5 1 1
      1.18665                1.0000000
1 5 5 1 1
      0.578071               1.0000000

W RI-big
    20
1 0 0 1 1
      3.2875                 1.0000000
1 0 0 1 1
      2.10191                1.0000000
1 0 0 1 1
      1.46637                1.0000000
1 0 0 1 1
      0.648984               1.0000000
1 0 0 1 1
      0.364638               1.0000000
1 0 0 1 1
      0.208675               1.0000000
1 1 1 1 1
      2.93431                1.0000000
1 1 1 1 1
      1.93929                1.0000000
1 1 1 1 1
      0.96749                1.0000000
1 1 1 1 1
      0.269126               1.0000000
1 2 2 1 1
      4.56158                1.0000000
1 2 2 1 1
      2.48417                1.0000000
1 2 2 1 1
      1.17975                1.0000000
1 2 2 1 1
      0.71909                1.0000000
1 2 2 1 1
      0.304026               1.0000000
1 3 3 1 1
      1.28107                1.0000000
1 3 3 1 1
      0.470422               1.0000000
1 3 3 1 1
      0.253216               1.0000000
1 4 4 1 1
      0.914481               1.0000000
1 4 4 1 1
      0.265033               1.0000000

W RI-huge
    30
1 0 0 1 1
      5.45793                1.0000000
1 0 0 1 1
      3.2875                 1.0000000
1 0 0 1 1
      2.10191                1.0000000
1 0 0 1 1
      1.46637                1.0000000
1 0 0 1 1
      0.648984               1.0000000
1 0 0 1 1
      0.364638               1.0000000
1 0 0 1 1
      0.208675               1.0000000
1 1 1 1 1
      9.57775                1.0000000
1 1 1 1 1
      4.12205                1.0000000
1 1 1 1 1
      2.93431                1.0000000
1 1 1 1 1
      1.93929                1.0000000
1 1 1 1 1
      0.96749                1.0000000
1 1 1 1 1
      0.40000                1.0000000
1 1 1 1 1
      0.269126               1.0000000
1 2 2 1 1
      7.99716                1.0000000
1 2 2 1 1
      4.56158                1.0000000
1 2 2 1 1
      2.48417                1.0000000
1 2 2 1 1
      1.17975                1.0000000
1 2 2 1 1
      0.71909                1.0000000
1 2 2 1 1
      0.304026               1.0000000
1 2 2 1 1
      0.2                    1.0000000
1 3 3 1 1
      5.42892                1.0000000
1 3 3 1 1
      2.6254                 1.0000000
1 3 3 1 1
      1.28107                1.0000000
1 3 3 1 1
      0.470422               1.0000000
1 3 3 1 1
      0.253216               1.0000000
1 4 4 1 1
      1.74835                1.0000000
1 4 4 1 1
      0.914481               1.0000000
1 4 4 1 1
      0.265033               1.0000000
1 5 5 1 1
      0.87271                1.0000000


S    RI-opt
 12
   1   0   0   1   1
    0.2363528354    1.0000000000
   2   0   0   1   1
    0.4195691368    1.0000000000
   3   0   0   1   1
    0.7494673340    1.0000000000
   4   0   0   1   1
    1.3584024093    1.0000000000
   5   1   1   1   1
    0.2991090983    1.0000000000
   6   1   1   1   1
    0.5948139232    1.0000000000
   7   1   1   1   1
    1.0541947621    1.0000000000
   8   1   1   1   1
    2.3017948884    1.0000000000
   9   2   2   1   1
    0.3589972268    1.0000000000
  10   2   2   1   1
    0.5072646718    1.0000000000
  11   2   2   1   1
    0.9087897341    1.0000000000
  12   3   3   1   1
    0.8949611318    1.0000000000

  S    RI-big-opt
   13
     1   0   0   1   1
      0.2467882236    1.0000000000
     2   0   0   1   1
      0.4431154495    1.0000000000
     3   0   0   1   1
      0.7727637629    1.0000000000
     4   0   0   1   1
      1.2884295422    1.0000000000
     5   1   1   1   1
      0.2728287396    1.0000000000
     6   1   1   1   1
      0.6498695761    1.0000000000
     7   1   1   1   1
      1.1836017438    1.0000000000
     8   1   1   1   1
      1.5780931067    1.0000000000
     9   2   2   1   1
      0.3328760519    1.0000000000
    10   2   2   1   1
      0.6020043844    1.0000000000
    11   2   2   1   1
      0.9101723531    1.0000000000
    12   3   3   1   1
      0.6057277508    1.0000000000
    13   3   3   1   1
      1.0368858197    1.0000000000

  Se   RI-opt
   12
     1   0   0   1   1
      0.2255743071    1.0000000000
     2   0   0   1   1
      0.3695796339    1.0000000000
     3   0   0   1   1
      0.6882187549    1.0000000000
     4   0   0   1   1
      0.8654342534    1.0000000000
     5   1   1   1   1
      0.3484986221    1.0000000000
     6   1   1   1   1
      0.4111518770    1.0000000000
     7   1   1   1   1
      0.9180504335    1.0000000000
     8   1   1   1   1
      1.8337646979    1.0000000000
     9   2   2   1   1
      0.1953347850    1.0000000000
    10   2   2   1   1
      0.3747847638    1.0000000000
    11   2   2   1   1
      0.6452957450    1.0000000000
    12   3   3   1   1
      0.6274349228    1.0000000000

  Se   RI-big-opt
   16
     1   0   0   1   1
      0.1733784539    1.0000000000
     2   0   0   1   1
      0.3987407066    1.0000000000
     3   0   0   1   1
      0.9154550584    1.0000000000
     4   0   0   1   1
      1.5156909707    1.0000000000
     5   0   0   1   1
      2.7954840016    1.0000000000
     6   1   1   1   1
      0.2841432286    1.0000000000
     7   1   1   1   1
      0.5056690072    1.0000000000
     8   1   1   1   1
      1.0675725920    1.0000000000
     9   1   1   1   1
      2.1439505987    1.0000000000
    10   1   1   1   1
      4.1975094995    1.0000000000
    11   2   2   1   1
      0.2599721677    1.0000000000
    12   2   2   1   1
      0.5489234395    1.0000000000
    13   2   2   1   1
      1.1828317418    1.0000000000
    14   2   2   1   1
      1.6474563488    1.0000000000
    15   3   3   1   1
      0.4249375168    1.0000000000
    16   3   3   1   1
      0.7540215082    1.0000000000

  Mo   RI-opt
   17
     1   0   0   1   1
      0.2492565213    1.0000000000
     2   0   0   1   1
      0.4109533435    1.0000000000
     3   0   0   1   1
      0.7181161211    1.0000000000
     4   0   0   1   1
      1.2689342989    1.0000000000
     5   0   0   1   1
      2.4436182468    1.0000000000
     6   1   1   1   1
      0.2803193144    1.0000000000
     7   1   1   1   1
      0.5806516791    1.0000000000
     8   1   1   1   1
      1.3046317015    1.0000000000
     9   1   1   1   1
      2.5369406123    1.0000000000
    10   2   2   1   1
      0.3155375085    1.0000000000
    11   2   2   1   1
      0.5282143566    1.0000000000
    12   2   2   1   1
      1.2598739083    1.0000000000
    13   2   2   1   1
      1.9673693789    1.0000000000
    14   3   3   1   1
      0.5599081989    1.0000000000
    15   3   3   1   1
      1.8263250882    1.0000000000
    16   4   4   1   1
      0.5872402632    1.0000000000
    17   4   4   1   1
      1.5743576562    1.0000000000

  Mo   RI-big-opt
   17
     1   0   0   1   1
      0.2206495082    1.0000000000
     2   0   0   1   1
      0.4164872267    1.0000000000
     3   0   0   1   1
      0.7110066721    1.0000000000
     4   0   0   1   1
      1.2488739335    1.0000000000
     5   0   0   1   1
      2.3198553921    1.0000000000
     6   1   1   1   1
      0.2233658400    1.0000000000
     7   1   1   1   1
      0.5742975745    1.0000000000
     8   1   1   1   1
      1.4254764709    1.0000000000
     9   1   1   1   1
      2.5554794695    1.0000000000
    10   2   2   1   1
      0.2488120449    1.0000000000
    11   2   2   1   1
      0.5219941213    1.0000000000
    12   2   2   1   1
      1.2612831680    1.0000000000
    13   2   2   1   1
      2.0168276986    1.0000000000
    14   3   3   1   1
      0.6183160587    1.0000000000
    15   3   3   1   1
      1.8397926178    1.0000000000
    16   4   4   1   1
      0.6460487531    1.0000000000
    17   4   4   1   1
      1.5792252831    1.0000000000

  W    RI-opt
   16
     1   0   0   1   1
      0.1804058905    1.0000000000
     2   0   0   1   1
      0.3571103047    1.0000000000
     3   0   0   1   1
      0.5964693198    1.0000000000
     4   0   0   1   1
      1.2165683547    1.0000000000
     5   0   0   1   1
      2.2112201402    1.0000000000
     6   1   1   1   1
      0.2257655869    1.0000000000
     7   1   1   1   1
      0.4428526431    1.0000000000
     8   1   1   1   1
      0.8686818551    1.0000000000
     9   2   2   1   1
      0.1951968559    1.0000000000
    10   2   2   1   1
      0.3455567692    1.0000000000
    11   2   2   1   1
      1.0983162853    1.0000000000
    12   2   2   1   1
      1.4828457065    1.0000000000
    13   3   3   1   1
      0.4704095221    1.0000000000
    14   3   3   1   1
      1.7932688348    1.0000000000
    15   4   4   1   1
      0.5310952920    1.0000000000
    16   4   4   1   1
      1.3219934738    1.0000000000


  W    RI-big-opt
   20
     1   0   0   1   1
      0.1879114874    1.0000000000
     2   0   0   1   1
      0.3354505780    1.0000000000
     3   0   0   1   1
      0.6457291142    1.0000000000
     4   0   0   1   1
      1.4231245202    1.0000000000
     5   0   0   1   1
      2.0642822861    1.0000000000
     6   0   0   1   1
      3.1977149074    1.0000000000
     7   1   1   1   1
      0.1929502914    1.0000000000
     8   1   1   1   1
      0.4200553976    1.0000000000
     9   1   1   1   1
      0.8782623101    1.0000000000
    10   1   1   1   1
      1.4414399333    1.0000000000
    11   2   2   1   1
      0.1918476099    1.0000000000
    12   2   2   1   1
      0.3470248792    1.0000000000
    13   2   2   1   1
      1.0577929460    1.0000000000
    14   2   2   1   1
      1.2940182584    1.0000000000
    15   2   2   1   1
      2.7640439658    1.0000000000
    16   3   3   1   1
      0.4134361512    1.0000000000
    17   3   3   1   1
      0.5090257795    1.0000000000
    18   3   3   1   1
      1.7494575712    1.0000000000
    19   4   4   1   1
      0.5199299268    1.0000000000
    20   4   4   1   1
      1.3740885522    1.0000000000
