# RI basis set for W, GTH pseudo, relative accuracy of RI-MP2: 7.2e-01, min. exponent: 0.14
W  RI_GTH-PBE-q14_10_2_1_1_0_0_0_0_7.2e-01
   4
     1   0   0   1   1
      0.1665542348    1.0000000000
     2   0   0   1   1
      8.3549955564    1.0000000000
     3   1   1   1   1
      8.3306576317    1.0000000000
     4   2   2   1   1
      4.4879161789    1.0000000000

# RI basis set for W, GTH pseudo, relative accuracy of RI-MP2: 1.5e-01, min. exponent: 0.14
W  RI_GTH-PBE-q14_12_6_2_0_0_0_0_0_1.5e-01
   8
     1   0   0   1   1
      0.1738525067    1.0000000000
     2   0   0   1   1
      0.3466480908    1.0000000000
     3   0   0   1   1
      0.6904239180    1.0000000000
     4   0   0   1   1
      1.3751485171    1.0000000000
     5   0   0   1   1
      2.7413655781    1.0000000000
     6   0   0   1   1
      5.4658050712    1.0000000000
     7   1   1   1   1
      0.1418575747    1.0000000000
     8   1   1   1   1
      1.1372566953    1.0000000000

# RI basis set for W, GTH pseudo, relative accuracy of RI-MP2: 6.9e-02, min. exponent: 0.14
W  RI_GTH-PBE-q14_18_2_2_2_0_0_0_0_6.9e-02
   6
     1   0   0   1   1
      0.2307955107    1.0000000000
     2   0   0   1   1
      0.9852404174    1.0000000000
     3   1   1   1   1
      0.1679667175    1.0000000000
     4   1   1   1   1
      1.3203941923    1.0000000000
     5   2   2   1   1
      0.2599385851    1.0000000000
     6   2   2   1   1
      2.2288493171    1.0000000000

# RI basis set for W, GTH pseudo, relative accuracy of RI-MP2: 3.2e-02, min. exponent: 0.14
W  RI_GTH-PBE-q14_25_2_2_2_1_0_0_0_3.2e-02
   7
     1   0   0   1   1
      0.3306819664    1.0000000000
     2   0   0   1   1
      0.7159224964    1.0000000000
     3   1   1   1   1
      0.1663983487    1.0000000000
     4   1   1   1   1
      0.9897315261    1.0000000000
     5   2   2   1   1
      0.2726122058    1.0000000000
     6   2   2   1   1
      1.4385805217    1.0000000000
     7   3   3   1   1
      1.4681245389    1.0000000000

# RI basis set for W, GTH pseudo, relative accuracy of RI-MP2: 1.5e-02, min. exponent: 0.14
W  RI_GTH-PBE-q14_41_2_2_2_2_1_0_0_1.5e-02
   9
     1   0   0   1   1
      0.3998250617    1.0000000000
     2   0   0   1   1
      1.3228182435    1.0000000000
     3   1   1   1   1
      0.2299971818    1.0000000000
     4   1   1   1   1
      1.0019241624    1.0000000000
     5   2   2   1   1
      0.2505884150    1.0000000000
     6   2   2   1   1
      1.5405747342    1.0000000000
     7   3   3   1   1
      0.3247113181    1.0000000000
     8   3   3   1   1
      1.7605789570    1.0000000000
     9   4   4   1   1
      0.5209029926    1.0000000000

# RI basis set for W, GTH pseudo, relative accuracy of RI-MP2: 5.0e-03, min. exponent: 0.14
W  RI_GTH-PBE-q14_53_2_3_2_2_2_0_0_5.0e-03
   11
     1   0   0   1   1
      0.4324818897    1.0000000000
     2   0   0   1   1
      0.7224279026    1.0000000000
     3   1   1   1   1
      0.2509088479    1.0000000000
     4   1   1   1   1
      0.6358841634    1.0000000000
     5   1   1   1   1
      0.8445036383    1.0000000000
     6   2   2   1   1
      0.8486351304    1.0000000000
     7   2   2   1   1
      1.2014920094    1.0000000000
     8   3   3   1   1
      0.3848982167    1.0000000000
     9   3   3   1   1
      1.5323515550    1.0000000000
    10   4   4   1   1
      0.2344576401    1.0000000000
    11   4   4   1   1
      1.5032368563    1.0000000000

# RI basis set for W, GTH pseudo, relative accuracy of RI-MP2: 2.4e-03, min. exponent: 0.14
W  RI_GTH-PBE-q14_59_5_3_3_3_1_0_0_2.4e-03
   15
     1   0   0   1   1
      0.1445580009    1.0000000000
     2   0   0   1   1
      0.4081447420    1.0000000000
     3   0   0   1   1
      0.9904471956    1.0000000000
     4   0   0   1   1
      2.0086513103    1.0000000000
     5   0   0   1   1
      4.4582814280    1.0000000000
     6   1   1   1   1
      0.2136429098    1.0000000000
     7   1   1   1   1
      0.6298692177    1.0000000000
     8   1   1   1   1
      0.8530242382    1.0000000000
     9   2   2   1   1
      0.2135501155    1.0000000000
    10   2   2   1   1
      0.8130700840    1.0000000000
    11   2   2   1   1
      1.2697756215    1.0000000000
    12   3   3   1   1
      0.2531652413    1.0000000000
    13   3   3   1   1
      0.5159308750    1.0000000000
    14   3   3   1   1
      1.7643878234    1.0000000000
    15   4   4   1   1
      1.6045374048    1.0000000000

# RI basis set for W, GTH pseudo, relative accuracy of RI-MP2: 1.1e-03, min. exponent: 0.14
W  RI_GTH-PBE-q14_72_7_3_3_3_1_1_0_1.1e-03
   18
     1   0   0   1   1
      0.1905210581    1.0000000000
     2   0   0   1   1
      0.3300812259    1.0000000000
     3   0   0   1   1
      0.5694781218    1.0000000000
     4   0   0   1   1
      0.9846172480    1.0000000000
     5   0   0   1   1
      1.7102955252    1.0000000000
     6   0   0   1   1
      2.9752156038    1.0000000000
     7   0   0   1   1
      5.1747762797    1.0000000000
     8   1   1   1   1
      0.2147793952    1.0000000000
     9   1   1   1   1
      0.5961823695    1.0000000000
    10   1   1   1   1
      0.9317237559    1.0000000000
    11   2   2   1   1
      0.2181584504    1.0000000000
    12   2   2   1   1
      0.8048603979    1.0000000000
    13   2   2   1   1
      1.3079913403    1.0000000000
    14   3   3   1   1
      0.2130860946    1.0000000000
    15   3   3   1   1
      0.6468026392    1.0000000000
    16   3   3   1   1
      1.6913842606    1.0000000000
    17   4   4   1   1
      1.7432744852    1.0000000000
    18   5   5   1   1
      0.8488114494    1.0000000000

# RI basis set for W, GTH pseudo, relative accuracy of RI-MP2: 3.3e-04, min. exponent: 0.14
W  RI_GTH-PBE-q14_79_6_4_4_3_1_1_0_3.3e-04
   19
     1   0   0   1   1
      0.1739960424    1.0000000000
     2   0   0   1   1
      0.3555179228    1.0000000000
     3   0   0   1   1
      0.7096800653    1.0000000000
     4   0   0   1   1
      1.3650511844    1.0000000000
     5   0   0   1   1
      2.6431635243    1.0000000000
     6   0   0   1   1
      5.1505360035    1.0000000000
     7   1   1   1   1
      0.1519563471    1.0000000000
     8   1   1   1   1
      0.5406663126    1.0000000000
     9   1   1   1   1
      1.1439279676    1.0000000000
    10   1   1   1   1
      2.1363407069    1.0000000000
    11   2   2   1   1
      0.1752422209    1.0000000000
    12   2   2   1   1
      0.3814681169    1.0000000000
    13   2   2   1   1
      0.9341683351    1.0000000000
    14   2   2   1   1
      1.8108633189    1.0000000000
    15   3   3   1   1
      0.2132112493    1.0000000000
    16   3   3   1   1
      0.7441696120    1.0000000000
    17   3   3   1   1
      1.5721932740    1.0000000000
    18   4   4   1   1
      1.5632093717    1.0000000000
    19   5   5   1   1
      0.9517477183    1.0000000000

# RI basis set for W, GTH pseudo, relative accuracy of RI-MP2: 8.0e-05, min. exponent: 0.14
W  RI_GTH-PBE-q14_90_5_5_4_3_2_1_0_8.0e-05
   20
     1   0   0   1   1
      0.1407051542    1.0000000000
     2   0   0   1   1
      0.3303234016    1.0000000000
     3   0   0   1   1
      0.7638253698    1.0000000000
     4   0   0   1   1
      1.7004064133    1.0000000000
     5   0   0   1   1
      4.0237209961    1.0000000000
     6   1   1   1   1
      0.1549203110    1.0000000000
     7   1   1   1   1
      0.4749729863    1.0000000000
     8   1   1   1   1
      0.9167311296    1.0000000000
     9   1   1   1   1
      1.7792556248    1.0000000000
    10   1   1   1   1
      4.3722695846    1.0000000000
    11   2   2   1   1
      0.1735027762    1.0000000000
    12   2   2   1   1
      0.3918073298    1.0000000000
    13   2   2   1   1
      0.9736393162    1.0000000000
    14   2   2   1   1
      1.9947541081    1.0000000000
    15   3   3   1   1
      0.2181845493    1.0000000000
    16   3   3   1   1
      0.8107883987    1.0000000000
    17   3   3   1   1
      1.6709223162    1.0000000000
    18   4   4   1   1
      0.4542002957    1.0000000000
    19   4   4   1   1
      1.4000560374    1.0000000000
    20   5   5   1   1
      1.0011641222    1.0000000000

# RI basis set for W, GTH pseudo, relative accuracy of RI-MP2: 4.0e-05, min. exponent: 0.14
W  RI_GTH-PBE-q14_100_7_4_4_3_2_2_0_4.0e-05
   22
     1   0   0   1   1
      0.1877509173    1.0000000000
     2   0   0   1   1
      0.3287879000    1.0000000000
     3   0   0   1   1
      0.5685591152    1.0000000000
     4   0   0   1   1
      0.9814389109    1.0000000000
     5   0   0   1   1
      1.7056797279    1.0000000000
     6   0   0   1   1
      2.9759557055    1.0000000000
     7   0   0   1   1
      5.1870558702    1.0000000000
     8   1   1   1   1
      0.1592868913    1.0000000000
     9   1   1   1   1
      0.4760359196    1.0000000000
    10   1   1   1   1
      1.2379578213    1.0000000000
    11   1   1   1   1
      1.8914953557    1.0000000000
    12   2   2   1   1
      0.1733831194    1.0000000000
    13   2   2   1   1
      0.3938059834    1.0000000000
    14   2   2   1   1
      0.9159047195    1.0000000000
    15   2   2   1   1
      1.9577679374    1.0000000000
    16   3   3   1   1
      0.2396070075    1.0000000000
    17   3   3   1   1
      0.7543725081    1.0000000000
    18   3   3   1   1
      1.5482690006    1.0000000000
    19   4   4   1   1
      0.5232610885    1.0000000000
    20   4   4   1   1
      1.2786881779    1.0000000000
    21   5   5   1   1
      0.4903563679    1.0000000000
    22   5   5   1   1
      1.1094051447    1.0000000000

# RI basis set for W, GTH pseudo, relative accuracy of RI-MP2: 1.3e-05, min. exponent: 0.14
W  RI_GTH-PBE-q14_111_6_5_4_3_3_2_0_1.3e-05
   23
     1   0   0   1   1
      0.1623508809    1.0000000000
     2   0   0   1   1
      0.3310050408    1.0000000000
     3   0   0   1   1
      0.6769996096    1.0000000000
     4   0   0   1   1
      1.3431068193    1.0000000000
     5   0   0   1   1
      2.6362378494    1.0000000000
     6   0   0   1   1
      5.1489739778    1.0000000000
     7   1   1   1   1
      0.1648865506    1.0000000000
     8   1   1   1   1
      0.5037655117    1.0000000000
     9   1   1   1   1
      0.8414154628    1.0000000000
    10   1   1   1   1
      1.6118310909    1.0000000000
    11   1   1   1   1
      3.9930536021    1.0000000000
    12   2   2   1   1
      0.1582589923    1.0000000000
    13   2   2   1   1
      0.3832152219    1.0000000000
    14   2   2   1   1
      0.9703717173    1.0000000000
    15   2   2   1   1
      1.6167387046    1.0000000000
    16   3   3   1   1
      0.2396313260    1.0000000000
    17   3   3   1   1
      0.7722190942    1.0000000000
    18   3   3   1   1
      1.5796809221    1.0000000000
    19   4   4   1   1
      0.4031506198    1.0000000000
    20   4   4   1   1
      0.7053401766    1.0000000000
    21   4   4   1   1
      1.4476982374    1.0000000000
    22   5   5   1   1
      0.3081481533    1.0000000000
    23   5   5   1   1
      1.0429379905    1.0000000000
