# RI basis set for S, GTH-PBE-q6 pseudo, relative accuracy of RI-MP2: 1.8e-02
S  RI_GTH-PBE-q6_20_4_2_2_0_0_0_0_1.8e-02
   8
     1   0   0   1   1
      0.1657205988    1.0000000000
     2   0   0   1   1
      0.4732859736    1.0000000000
     3   0   0   1   1
      1.2903849834    1.0000000000
     4   0   0   1   1
      3.6352556464    1.0000000000
     5   1   1   1   1
      0.1400774273    1.0000000000
     6   1   1   1   1
      0.8763709652    1.0000000000
     7   2   2   1   1
      0.2367251435    1.0000000000
     8   2   2   1   1
      1.0090870323    1.0000000000

# RI basis set for S, GTH-PBE-q6 pseudo, relative accuracy of RI-MP2: 6.0e-04
S  RI_GTH-PBE-q6_27_4_2_2_1_0_0_0_6.0e-04
   9
     1   0   0   1   1
      0.2158014516    1.0000000000
     2   0   0   1   1
      0.4238472816    1.0000000000
     3   0   0   1   1
      1.1178034808    1.0000000000
     4   0   0   1   1
      3.1005391597    1.0000000000
     5   1   1   1   1
      0.1950426404    1.0000000000
     6   1   1   1   1
      0.4766833862    1.0000000000
     7   2   2   1   1
      0.3190094019    1.0000000000
     8   2   2   1   1
      0.7531044939    1.0000000000
     9   3   3   1   1
      0.6438312329    1.0000000000

# RI basis set for S, GTH-PBE-q6 pseudo, relative accuracy of RI-MP2: 1.7e-04
S  RI_GTH-PBE-q6_30_4_3_2_1_0_0_0_1.7e-04
   10
     1   0   0   1   1
      0.1867823362    1.0000000000
     2   0   0   1   1
      0.4237140341    1.0000000000
     3   0   0   1   1
      0.9921543177    1.0000000000
     4   0   0   1   1
      2.4746781943    1.0000000000
     5   1   1   1   1
      0.3584139117    1.0000000000
     6   1   1   1   1
      0.5208991680    1.0000000000
     7   1   1   1   1
      1.1794185495    1.0000000000
     8   2   2   1   1
      0.2730832848    1.0000000000
     9   2   2   1   1
      0.7359277700    1.0000000000
    10   3   3   1   1
      0.6295501212    1.0000000000

# RI basis set for S, GTH-PBE-q6 pseudo, relative accuracy of RI-MP2: 6.7e-05
S  RI_GTH-PBE-q6_39_4_3_2_1_1_0_0_6.7e-05
   11
     1   0   0   1   1
      0.1916305832    1.0000000000
     2   0   0   1   1
      0.4085323273    1.0000000000
     3   0   0   1   1
      0.9905775863    1.0000000000
     4   0   0   1   1
      2.4699244458    1.0000000000
     5   1   1   1   1
      0.3217835257    1.0000000000
     6   1   1   1   1
      0.6398211158    1.0000000000
     7   1   1   1   1
      1.5724478482    1.0000000000
     8   2   2   1   1
      0.2594278868    1.0000000000
     9   2   2   1   1
      0.7464323878    1.0000000000
    10   3   3   1   1
      0.5745986065    1.0000000000
    11   4   4   1   1
      0.5613513861    1.0000000000

# RI basis set for S, GTH-PBE-q6 pseudo, relative accuracy of RI-MP2: 3.3e-05
S  RI_GTH-PBE-q6_43_5_4_2_1_1_0_0_3.3e-05
   13
     1   0   0   1   1
      0.1956674436    1.0000000000
     2   0   0   1   1
      0.4263956700    1.0000000000
     3   0   0   1   1
      0.9182934765    1.0000000000
     4   0   0   1   1
      1.8481769118    1.0000000000
     5   0   0   1   1
      3.6514828933    1.0000000000
     6   1   1   1   1
      0.2611341490    1.0000000000
     7   1   1   1   1
      0.5176511417    1.0000000000
     8   1   1   1   1
      1.1265923345    1.0000000000
     9   1   1   1   1
      2.4598056168    1.0000000000
    10   2   2   1   1
      0.2739776949    1.0000000000
    11   2   2   1   1
      0.7131887167    1.0000000000
    12   3   3   1   1
      0.6042292583    1.0000000000
    13   4   4   1   1
      0.6079831287    1.0000000000

# RI basis set for S, GTH-PBE-q6 pseudo, relative accuracy of RI-MP2: 1.2e-05
S  RI_GTH-PBE-q6_54_6_5_2_2_1_0_0_1.2e-05
   16
     1   0   0   1   1
      0.2368102300    1.0000000000
     2   0   0   1   1
      0.4173272943    1.0000000000
     3   0   0   1   1
      0.7251403511    1.0000000000
     4   0   0   1   1
      1.2468833906    1.0000000000
     5   0   0   1   1
      2.1412349931    1.0000000000
     6   0   0   1   1
      3.6782180540    1.0000000000
     7   1   1   1   1
      0.2053830972    1.0000000000
     8   1   1   1   1
      0.4396422253    1.0000000000
     9   1   1   1   1
      0.8852233259    1.0000000000
    10   1   1   1   1
      1.7992311062    1.0000000000
    11   1   1   1   1
      3.6200197218    1.0000000000
    12   2   2   1   1
      0.2992621631    1.0000000000
    13   2   2   1   1
      0.7415779208    1.0000000000
    14   3   3   1   1
      0.2369325048    1.0000000000
    15   3   3   1   1
      0.7151759381    1.0000000000
    16   4   4   1   1
      0.4818312849    1.0000000000

# RI basis set for S, GTH-PBE-q6 pseudo, relative accuracy of RI-MP2: 3.4e-06
S  RI_GTH-PBE-q6_59_6_5_3_2_1_0_0_3.4e-06
   17
     1   0   0   1   1
      0.2251409596    1.0000000000
     2   0   0   1   1
      0.4112333255    1.0000000000
     3   0   0   1   1
      0.7209996831    1.0000000000
     4   0   0   1   1
      1.2439630927    1.0000000000
     5   0   0   1   1
      2.1396834181    1.0000000000
     6   0   0   1   1
      3.6774113026    1.0000000000
     7   1   1   1   1
      0.1999279291    1.0000000000
     8   1   1   1   1
      0.4073585217    1.0000000000
     9   1   1   1   1
      0.8763462226    1.0000000000
    10   1   1   1   1
      1.7987428428    1.0000000000
    11   1   1   1   1
      3.6172463031    1.0000000000
    12   2   2   1   1
      0.2378965004    1.0000000000
    13   2   2   1   1
      0.7126635726    1.0000000000
    14   2   2   1   1
      1.8502603494    1.0000000000
    15   3   3   1   1
      0.2941634123    1.0000000000
    16   3   3   1   1
      0.7140224634    1.0000000000
    17   4   4   1   1
      0.4850864079    1.0000000000

# RI basis set for S, GTH-PBE-q6 pseudo, relative accuracy of RI-MP2: 9.1e-07
S  RI_GTH-PBE-q6_64_6_5_4_2_1_0_0_9.1e-07
   18
     1   0   0   1   1
      0.2075907402    1.0000000000
     2   0   0   1   1
      0.3828970472    1.0000000000
     3   0   0   1   1
      0.6954876333    1.0000000000
     4   0   0   1   1
      1.2225839129    1.0000000000
     5   0   0   1   1
      2.1201366629    1.0000000000
     6   0   0   1   1
      3.6587139607    1.0000000000
     7   1   1   1   1
      0.2203409524    1.0000000000
     8   1   1   1   1
      0.4313860983    1.0000000000
     9   1   1   1   1
      0.9180667915    1.0000000000
    10   1   1   1   1
      1.8350671837    1.0000000000
    11   1   1   1   1
      3.6342561858    1.0000000000
    12   2   2   1   1
      0.2352188924    1.0000000000
    13   2   2   1   1
      0.5658502282    1.0000000000
    14   2   2   1   1
      1.2373981539    1.0000000000
    15   2   2   1   1
      3.4628270953    1.0000000000
    16   3   3   1   1
      0.2818896849    1.0000000000
    17   3   3   1   1
      0.7895079195    1.0000000000
    18   4   4   1   1
      0.6438251785    1.0000000000

# RI basis set for S, GTH-PBE-q6 pseudo, relative accuracy of RI-MP2: 4.1e-07
S  RI_GTH-PBE-q6_69_6_5_5_2_1_0_0_4.1e-07
   19
     1   0   0   1   1
      0.1938979694    1.0000000000
     2   0   0   1   1
      0.3334024265    1.0000000000
     3   0   0   1   1
      0.5676222576    1.0000000000
     4   0   0   1   1
      0.9655802500    1.0000000000
     5   0   0   1   1
      1.6502080876    1.0000000000
     6   0   0   1   1
      2.8245035880    1.0000000000
     7   1   1   1   1
      0.1701265072    1.0000000000
     8   1   1   1   1
      0.3473501821    1.0000000000
     9   1   1   1   1
      0.6725973242    1.0000000000
    10   1   1   1   1
      1.2970984380    1.0000000000
    11   1   1   1   1
      2.5504576528    1.0000000000
    12   2   2   1   1
      0.2593347764    1.0000000000
    13   2   2   1   1
      0.4723648014    1.0000000000
    14   2   2   1   1
      0.8685381416    1.0000000000
    15   2   2   1   1
      1.4956682188    1.0000000000
    16   2   2   1   1
      2.5595165942    1.0000000000
    17   3   3   1   1
      0.2641836145    1.0000000000
    18   3   3   1   1
      0.7414884003    1.0000000000
    19   4   4   1   1
      0.5948493214    1.0000000000


# RI basis set for Se, GTH-PBE-q6 pseudo, relative accuracy of RI-MP2: 2.0e-02
Se  RI_GTH-PBE-q6_20_6_3_1_0_0_0_0_2.0e-02
   10
     1   0   0   1   1
      0.2951827599    1.0000000000
     2   0   0   1   1
      0.4159070621    1.0000000000
     3   0   0   1   1
      0.6080584224    1.0000000000
     4   0   0   1   1
      0.9457873781    1.0000000000
     5   0   0   1   1
      1.5019007738    1.0000000000
     6   0   0   1   1
      2.3758338750    1.0000000000
     7   1   1   1   1
      0.6011656487    1.0000000000
     8   1   1   1   1
      0.7292728841    1.0000000000
     9   1   1   1   1
      1.0582872643    1.0000000000
    10   2   2   1   1
      0.5354425103    1.0000000000

# RI basis set for Se, GTH-PBE-q6 pseudo, relative accuracy of RI-MP2: 4.3e-03
Se  RI_GTH-PBE-q6_27_6_3_1_1_0_0_0_4.3e-03
   11
     1   0   0   1   1
      0.3486403831    1.0000000000
     2   0   0   1   1
      0.5106035198    1.0000000000
     3   0   0   1   1
      0.7546492395    1.0000000000
     4   0   0   1   1
      1.1310182111    1.0000000000
     5   0   0   1   1
      1.7063144672    1.0000000000
     6   0   0   1   1
      2.5772118658    1.0000000000
     7   1   1   1   1
      0.2902596926    1.0000000000
     8   1   1   1   1
      0.8197799956    1.0000000000
     9   1   1   1   1
      1.4017171458    1.0000000000
    10   2   2   1   1
      0.5659689259    1.0000000000
    11   3   3   1   1
      0.3355491225    1.0000000000

# RI basis set for Se, GTH-PBE-q6 pseudo, relative accuracy of RI-MP2: 7.4e-05
Se  RI_GTH-PBE-q6_32_6_3_2_1_0_0_0_7.4e-05
   12
     1   0   0   1   1
      0.2811384201    1.0000000000
     2   0   0   1   1
      0.4254289416    1.0000000000
     3   0   0   1   1
      0.6528135784    1.0000000000
     4   0   0   1   1
      1.0124198951    1.0000000000
     5   0   0   1   1
      1.5749152757    1.0000000000
     6   0   0   1   1
      2.4491721152    1.0000000000
     7   1   1   1   1
      0.2732596526    1.0000000000
     8   1   1   1   1
      0.6164469728    1.0000000000
     9   1   1   1   1
      1.3806170074    1.0000000000
    10   2   2   1   1
      0.2620272775    1.0000000000
    11   2   2   1   1
      0.6030876111    1.0000000000
    12   3   3   1   1
      0.3861260346    1.0000000000

# RI basis set for Se, GTH-PBE-q6 pseudo, relative accuracy of RI-MP2: 2.8e-05
Se  RI_GTH-PBE-q6_41_6_3_2_1_1_0_0_2.8e-05
   13
     1   0   0   1   1
      0.2711076677    1.0000000000
     2   0   0   1   1
      0.4188891313    1.0000000000
     3   0   0   1   1
      0.6494791647    1.0000000000
     4   0   0   1   1
      1.0098233100    1.0000000000
     5   0   0   1   1
      1.5712981934    1.0000000000
     6   0   0   1   1
      2.4445605093    1.0000000000
     7   1   1   1   1
      0.2702903632    1.0000000000
     8   1   1   1   1
      0.6075069932    1.0000000000
     9   1   1   1   1
      2.0330266336    1.0000000000
    10   2   2   1   1
      0.2824092492    1.0000000000
    11   2   2   1   1
      0.6104244144    1.0000000000
    12   3   3   1   1
      0.3719529654    1.0000000000
    13   4   4   1   1
      0.3974767068    1.0000000000

# RI basis set for Se, GTH-PBE-q6 pseudo, relative accuracy of RI-MP2: 2.4e-06
Se  RI_GTH-PBE-q6_48_6_3_2_2_1_0_0_2.4e-06
   14
     1   0   0   1   1
      0.2696996977    1.0000000000
     2   0   0   1   1
      0.4181859893    1.0000000000
     3   0   0   1   1
      0.6493241655    1.0000000000
     4   0   0   1   1
      1.0098080754    1.0000000000
     5   0   0   1   1
      1.5712049375    1.0000000000
     6   0   0   1   1
      2.4444047579    1.0000000000
     7   1   1   1   1
      0.2272548618    1.0000000000
     8   1   1   1   1
      0.7013303510    1.0000000000
     9   1   1   1   1
      1.9989977099    1.0000000000
    10   2   2   1   1
      0.2482748918    1.0000000000
    11   2   2   1   1
      0.6171325337    1.0000000000
    12   3   3   1   1
      0.2747134327    1.0000000000
    13   3   3   1   1
      0.7819043722    1.0000000000
    14   4   4   1   1
      0.3363386596    1.0000000000

# RI basis set for Se, GTH-PBE-q6 pseudo, relative accuracy of RI-MP2: 1.1e-06
Se  RI_GTH-PBE-q6_55_7_5_2_2_1_0_0_1.1e-06
   17
     1   0   0   1   1
      0.2690811725    1.0000000000
     2   0   0   1   1
      0.3880620113    1.0000000000
     3   0   0   1   1
      0.5602849600    1.0000000000
     4   0   0   1   1
      0.8094840850    1.0000000000
     5   0   0   1   1
      1.1697295423    1.0000000000
     6   0   0   1   1
      1.6903717975    1.0000000000
     7   0   0   1   1
      2.4429353042    1.0000000000
     8   1   1   1   1
      0.2453792978    1.0000000000
     9   1   1   1   1
      0.4437356311    1.0000000000
    10   1   1   1   1
      0.7881219463    1.0000000000
    11   1   1   1   1
      1.3839595972    1.0000000000
    12   1   1   1   1
      2.4201319481    1.0000000000
    13   2   2   1   1
      0.2505830269    1.0000000000
    14   2   2   1   1
      0.6147789307    1.0000000000
    15   3   3   1   1
      0.2664410950    1.0000000000
    16   3   3   1   1
      0.6734196261    1.0000000000
    17   4   4   1   1
      0.3562861535    1.0000000000

# RI basis set for Se, GTH-PBE-q6 pseudo, relative accuracy of RI-MP2: 5.6e-07
Se  RI_GTH-PBE-q6_67_7_5_3_3_1_0_0_5.6e-07
   19
     1   0   0   1   1
      0.2684875053    1.0000000000
     2   0   0   1   1
      0.3877115569    1.0000000000
     3   0   0   1   1
      0.5601068428    1.0000000000
     4   0   0   1   1
      0.8093704978    1.0000000000
     5   0   0   1   1
      1.1696501169    1.0000000000
     6   0   0   1   1
      1.6903518733    1.0000000000
     7   0   0   1   1
      2.4429736870    1.0000000000
     8   1   1   1   1
      0.2413680593    1.0000000000
     9   1   1   1   1
      0.4518010892    1.0000000000
    10   1   1   1   1
      0.7983401069    1.0000000000
    11   1   1   1   1
      1.3933958895    1.0000000000
    12   1   1   1   1
      2.4285159249    1.0000000000
    13   2   2   1   1
      0.2520184653    1.0000000000
    14   2   2   1   1
      0.6594011621    1.0000000000
    15   2   2   1   1
      2.1777800443    1.0000000000
    16   3   3   1   1
      0.2654540038    1.0000000000
    17   3   3   1   1
      0.6669086022    1.0000000000
    18   3   3   1   1
      2.3049668279    1.0000000000
    19   4   4   1   1
      0.3724259890    1.0000000000

# RI basis set for Mo, GTH-PBE-q14 pseudo, relative accuracy of RI-MP2: 1.3e-02
Mo  RI_GTH-PBE-q14_29_5_4_1_1_0_0_0_1.3e-02
   11
     1   0   0   1   1
      0.1695620650    1.0000000000
     2   0   0   1   1
      0.2347595415    1.0000000000
     3   0   0   1   1
      0.4859704465    1.0000000000
     4   0   0   1   1
      1.9693576008    1.0000000000
     5   0   0   1   1
      5.4260632806    1.0000000000
     6   1   1   1   1
      0.1976226999    1.0000000000
     7   1   1   1   1
      0.3181774278    1.0000000000
     8   1   1   1   1
      0.6720453272    1.0000000000
     9   1   1   1   1
      2.0525965970    1.0000000000
    10   2   2   1   1
      1.3953738642    1.0000000000
    11   3   3   1   1
      1.2374484087    1.0000000000

# RI basis set for Mo, GTH-PBE-q14 pseudo, relative accuracy of RI-MP2: 6.5e-03
Mo  RI_GTH-PBE-q14_53_5_4_3_3_0_0_0_6.5e-03
   15
     1   0   0   1   1
      0.1762310526    1.0000000000
     2   0   0   1   1
      0.3207455397    1.0000000000
     3   0   0   1   1
      0.4983262910    1.0000000000
     4   0   0   1   1
      1.4212674602    1.0000000000
     5   0   0   1   1
      4.8627763513    1.0000000000
     6   1   1   1   1
      0.1757594475    1.0000000000
     7   1   1   1   1
      0.5026728744    1.0000000000
     8   1   1   1   1
      1.4169395394    1.0000000000
     9   1   1   1   1
      4.0261458638    1.0000000000
    10   2   2   1   1
      0.1350977199    1.0000000000
    11   2   2   1   1
      0.2208431071    1.0000000000
    12   2   2   1   1
      1.6975326553    1.0000000000
    13   3   3   1   1
      0.1601215042    1.0000000000
    14   3   3   1   1
      0.3652875569    1.0000000000
    15   3   3   1   1
      2.1304861860    1.0000000000

# RI basis set for Mo, GTH-PBE-q14 pseudo, relative accuracy of RI-MP2: 2.5e-03
Mo  RI_GTH-PBE-q14_62_5_4_3_3_1_0_0_2.5e-03
   16
     1   0   0   1   1
      0.1354451693    1.0000000000
     2   0   0   1   1
      0.3190424036    1.0000000000
     3   0   0   1   1
      0.7531101024    1.0000000000
     4   0   0   1   1
      1.7595025289    1.0000000000
     5   0   0   1   1
      4.1651994760    1.0000000000
     6   1   1   1   1
      0.1247740485    1.0000000000
     7   1   1   1   1
      0.3561784537    1.0000000000
     8   1   1   1   1
      1.0791292932    1.0000000000
     9   1   1   1   1
      3.0418403094    1.0000000000
    10   2   2   1   1
      0.1779288870    1.0000000000
    11   2   2   1   1
      0.6699980181    1.0000000000
    12   2   2   1   1
      1.2809095952    1.0000000000
    13   3   3   1   1
      0.1884827142    1.0000000000
    14   3   3   1   1
      0.6612670544    1.0000000000
    15   3   3   1   1
      1.8880288872    1.0000000000
    16   4   4   1   1
      1.6574446125    1.0000000000

# RI basis set for Mo, GTH-PBE-q14 pseudo, relative accuracy of RI-MP2: 2.6e-04
Mo  RI_GTH-PBE-q14_73_5_4_3_3_1_1_0_2.6e-04
   17
     1   0   0   1   1
      0.1290260179    1.0000000000
     2   0   0   1   1
      0.3318870954    1.0000000000
     3   0   0   1   1
      0.7963733906    1.0000000000
     4   0   0   1   1
      1.5972951270    1.0000000000
     5   0   0   1   1
      3.5616651392    1.0000000000
     6   1   1   1   1
      0.2412245608    1.0000000000
     7   1   1   1   1
      0.5640214764    1.0000000000
     8   1   1   1   1
      1.3968791807    1.0000000000
     9   1   1   1   1
      2.8524761375    1.0000000000
    10   2   2   1   1
      0.1390270509    1.0000000000
    11   2   2   1   1
      0.4442784174    1.0000000000
    12   2   2   1   1
      1.3138316790    1.0000000000
    13   3   3   1   1
      0.4493630077    1.0000000000
    14   3   3   1   1
      0.6660952084    1.0000000000
    15   3   3   1   1
      1.9183174424    1.0000000000
    16   4   4   1   1
      1.8774996826    1.0000000000
    17   5   5   1   1
      0.9298095671    1.0000000000

# RI basis set for Mo, GTH-PBE-q14 pseudo, relative accuracy of RI-MP2: 4.5e-05
Mo  RI_GTH-PBE-q14_82_5_4_3_3_2_1_0_4.5e-05
   18
     1   0   0   1   1
      0.1522983119    1.0000000000
     2   0   0   1   1
      0.3310007421    1.0000000000
     3   0   0   1   1
      0.7066928850    1.0000000000
     4   0   0   1   1
      1.6020409397    1.0000000000
     5   0   0   1   1
      3.7383661627    1.0000000000
     6   1   1   1   1
      0.1732979396    1.0000000000
     7   1   1   1   1
      0.5784029683    1.0000000000
     8   1   1   1   1
      1.4702549182    1.0000000000
     9   1   1   1   1
      3.0486810267    1.0000000000
    10   2   2   1   1
      0.2261335656    1.0000000000
    11   2   2   1   1
      0.5821047289    1.0000000000
    12   2   2   1   1
      1.3495608481    1.0000000000
    13   3   3   1   1
      0.2540904459    1.0000000000
    14   3   3   1   1
      0.8031079319    1.0000000000
    15   3   3   1   1
      1.8600616886    1.0000000000
    16   4   4   1   1
      0.2576235376    1.0000000000
    17   4   4   1   1
      1.5706197257    1.0000000000
    18   5   5   1   1
      0.9821245550    1.0000000000

# RI basis set for Mo, GTH-PBE-q14 pseudo, relative accuracy of RI-MP2: 9.5e-06
Mo  RI_GTH-PBE-q14_87_5_4_4_3_2_1_0_9.5e-06
   19
     1   0   0   1   1
      0.1331407730    1.0000000000
     2   0   0   1   1
      0.3284308027    1.0000000000
     3   0   0   1   1
      0.8003453942    1.0000000000
     4   0   0   1   1
      1.6496299898    1.0000000000
     5   0   0   1   1
      3.6210989252    1.0000000000
     6   1   1   1   1
      0.1470499387    1.0000000000
     7   1   1   1   1
      0.5923130712    1.0000000000
     8   1   1   1   1
      1.3957907527    1.0000000000
     9   1   1   1   1
      2.9799554338    1.0000000000
    10   2   2   1   1
      0.1836337904    1.0000000000
    11   2   2   1   1
      0.5764826728    1.0000000000
    12   2   2   1   1
      1.2581113607    1.0000000000
    13   2   2   1   1
      2.4507437795    1.0000000000
    14   3   3   1   1
      0.2156478805    1.0000000000
    15   3   3   1   1
      0.7881328564    1.0000000000
    16   3   3   1   1
      1.7543575257    1.0000000000
    17   4   4   1   1
      0.3190631737    1.0000000000
    18   4   4   1   1
      1.5065935380    1.0000000000
    19   5   5   1   1
      0.9818452353    1.0000000000

# RI basis set for Mo, GTH-PBE-q14 pseudo, relative accuracy of RI-MP2: 3.5e-06
Mo  RI_GTH-PBE-q14_96_5_4_4_3_3_1_0_3.5e-06
   20
     1   0   0   1   1
      0.1057757317    1.0000000000
     2   0   0   1   1
      0.3306964113    1.0000000000
     3   0   0   1   1
      0.9341688570    1.0000000000
     4   0   0   1   1
      1.5697826791    1.0000000000
     5   0   0   1   1
      3.0569575163    1.0000000000
     6   1   1   1   1
      0.1681662880    1.0000000000
     7   1   1   1   1
      0.6052332596    1.0000000000
     8   1   1   1   1
      1.4250458511    1.0000000000
     9   1   1   1   1
      2.6200149108    1.0000000000
    10   2   2   1   1
      0.1858671601    1.0000000000
    11   2   2   1   1
      0.5006910846    1.0000000000
    12   2   2   1   1
      1.3268158998    1.0000000000
    13   2   2   1   1
      1.6900752834    1.0000000000
    14   3   3   1   1
      0.2542508202    1.0000000000
    15   3   3   1   1
      0.7958774983    1.0000000000
    16   3   3   1   1
      1.8563439508    1.0000000000
    17   4   4   1   1
      0.2512072708    1.0000000000
    18   4   4   1   1
      0.7406718008    1.0000000000
    19   4   4   1   1
      1.5870987024    1.0000000000
    20   5   5   1   1
      1.0168900114    1.0000000000

# RI basis set for Mo, GTH-PBE-q14 pseudo, relative accuracy of RI-MP2: 1.7e-06
Mo  RI_GTH-PBE-q14_118_5_4_4_3_3_3_0_1.7e-06
   22
     1   0   0   1   1
      0.1045576404    1.0000000000
     2   0   0   1   1
      0.3013038566    1.0000000000
     3   0   0   1   1
      0.8483229414    1.0000000000
     4   0   0   1   1
      1.5555301832    1.0000000000
     5   0   0   1   1
      3.0381783466    1.0000000000
     6   1   1   1   1
      0.1463076983    1.0000000000
     7   1   1   1   1
      0.5302216839    1.0000000000
     8   1   1   1   1
      1.3856926300    1.0000000000
     9   1   1   1   1
      3.0370198054    1.0000000000
    10   2   2   1   1
      0.1767655674    1.0000000000
    11   2   2   1   1
      0.5900390931    1.0000000000
    12   2   2   1   1
      1.6084283768    1.0000000000
    13   2   2   1   1
      2.4379880199    1.0000000000
    14   3   3   1   1
      0.2302728936    1.0000000000
    15   3   3   1   1
      0.6797959392    1.0000000000
    16   3   3   1   1
      1.8169736868    1.0000000000
    17   4   4   1   1
      0.2764249333    1.0000000000
    18   4   4   1   1
      0.9310688396    1.0000000000
    19   4   4   1   1
      1.9481065918    1.0000000000
    20   5   5   1   1
      0.1523743943    1.0000000000
    21   5   5   1   1
      0.7675629300    1.0000000000
    22   5   5   1   1
      1.7066979569    1.0000000000

# RI basis set for Mo, GTH-PBE-q14 pseudo, relative accuracy of RI-MP2: 7.9e-07
Mo  RI_GTH-PBE-q14_120_7_4_4_3_3_3_0_7.9e-07
   24
     1   0   0   1   1
      0.1324791576    1.0000000000
     2   0   0   1   1
      0.2353238196    1.0000000000
     3   0   0   1   1
      0.4198136909    1.0000000000
     4   0   0   1   1
      0.7500465939    1.0000000000
     5   0   0   1   1
      1.3348327913    1.0000000000
     6   0   0   1   1
      2.3751780321    1.0000000000
     7   0   0   1   1
      4.2315053079    1.0000000000
     8   1   1   1   1
      0.1480570839    1.0000000000
     9   1   1   1   1
      0.5264164445    1.0000000000
    10   1   1   1   1
      1.3532623386    1.0000000000
    11   1   1   1   1
      3.3463801172    1.0000000000
    12   2   2   1   1
      0.1736288505    1.0000000000
    13   2   2   1   1
      0.5972142493    1.0000000000
    14   2   2   1   1
      1.6758155589    1.0000000000
    15   2   2   1   1
      2.5132148836    1.0000000000
    16   3   3   1   1
      0.2263894917    1.0000000000
    17   3   3   1   1
      0.6991013435    1.0000000000
    18   3   3   1   1
      1.7792350826    1.0000000000
    19   4   4   1   1
      0.2231676340    1.0000000000
    20   4   4   1   1
      0.7610051192    1.0000000000
    21   4   4   1   1
      1.8808676269    1.0000000000
    22   5   5   1   1
      0.1515006227    1.0000000000
    23   5   5   1   1
      0.7650412484    1.0000000000
    24   5   5   1   1
      1.7069079651    1.0000000000



# RI basis set for W, GTH-PBE-q14 pseudo, relative accuracy of RI-MP2: 2.2e-02
W  RI_GTH-PBE-q14_26_3_2_2_1_0_0_0_2.2e-02
   8
     1   0   0   1   1
      0.2894343892    1.0000000000
     2   0   0   1   1
      0.7163715264    1.0000000000
     3   0   0   1   1
      2.2673471340    1.0000000000
     4   1   1   1   1
      0.4594863983    1.0000000000
     5   1   1   1   1
      0.9673740997    1.0000000000
     6   2   2   1   1
      0.5358394025    1.0000000000
     7   2   2   1   1
      1.5811234170    1.0000000000
     8   3   3   1   1
      1.1361706175    1.0000000000

# RI basis set for W, GTH-PBE-q14 pseudo, relative accuracy of RI-MP2: 5.9e-03
W  RI_GTH-PBE-q14_33_3_2_2_2_0_0_0_5.9e-03
   9
     1   0   0   1   1
      0.2948787254    1.0000000000
     2   0   0   1   1
      1.3578734830    1.0000000000
     3   0   0   1   1
      2.9619192948    1.0000000000
     4   1   1   1   1
      0.2442912823    1.0000000000
     5   1   1   1   1
      1.3545277305    1.0000000000
     6   2   2   1   1
      0.3890583676    1.0000000000
     7   2   2   1   1
      2.0225087751    1.0000000000
     8   3   3   1   1
      0.3802904549    1.0000000000
     9   3   3   1   1
      2.1998058108    1.0000000000

# RI basis set for W, GTH-PBE-q14 pseudo, relative accuracy of RI-MP2: 2.2e-03
W  RI_GTH-PBE-q14_46_4_3_2_2_1_0_0_2.2e-03
   12
     1   0   0   1   1
      0.2001039783    1.0000000000
     2   0   0   1   1
      0.5119054794    1.0000000000
     3   0   0   1   1
      1.3542432577    1.0000000000
     4   0   0   1   1
      3.9401213066    1.0000000000
     5   1   1   1   1
      0.3397455999    1.0000000000
     6   1   1   1   1
      0.6577807243    1.0000000000
     7   1   1   1   1
      1.2423261866    1.0000000000
     8   2   2   1   1
      0.3376812208    1.0000000000
     9   2   2   1   1
      2.0603318806    1.0000000000
    10   3   3   1   1
      0.4284637733    1.0000000000
    11   3   3   1   1
      2.1788175492    1.0000000000
    12   4   4   1   1
      1.3754113271    1.0000000000

# RI basis set for W, GTH-PBE-q14 pseudo, relative accuracy of RI-MP2: 1.1e-03
W  RI_GTH-PBE-q14_61_5_3_3_2_2_0_0_1.1e-03
   15
     1   0   0   1   1
      0.1926292141    1.0000000000
     2   0   0   1   1
      0.4282067174    1.0000000000
     3   0   0   1   1
      0.9581744306    1.0000000000
     4   0   0   1   1
      2.2381001376    1.0000000000
     5   0   0   1   1
      5.1796349311    1.0000000000
     6   1   1   1   1
      0.3423236411    1.0000000000
     7   1   1   1   1
      0.7470046434    1.0000000000
     8   1   1   1   1
      1.1725330360    1.0000000000
     9   2   2   1   1
      0.2831532277    1.0000000000
    10   2   2   1   1
      0.7954903287    1.0000000000
    11   2   2   1   1
      2.0450427091    1.0000000000
    12   3   3   1   1
      0.4279603522    1.0000000000
    13   3   3   1   1
      2.0498451263    1.0000000000
    14   4   4   1   1
      0.3324189539    1.0000000000
    15   4   4   1   1
      1.6857611625    1.0000000000

# RI basis set for W, GTH-PBE-q14 pseudo, relative accuracy of RI-MP2: 4.2e-04
W  RI_GTH-PBE-q14_74_7_3_3_2_2_1_0_4.2e-04
   18
     1   0   0   1   1
      0.1867518716    1.0000000000
     2   0   0   1   1
      0.3247048410    1.0000000000
     3   0   0   1   1
      0.5648831769    1.0000000000
     4   0   0   1   1
      0.9827313311    1.0000000000
     5   0   0   1   1
      1.7089067004    1.0000000000
     6   0   0   1   1
      2.9723705435    1.0000000000
     7   0   0   1   1
      5.1716220246    1.0000000000
     8   1   1   1   1
      0.2709857902    1.0000000000
     9   1   1   1   1
      1.4294571583    1.0000000000
    10   1   1   1   1
      1.9375181444    1.0000000000
    11   2   2   1   1
      0.2502777480    1.0000000000
    12   2   2   1   1
      1.1144581041    1.0000000000
    13   2   2   1   1
      2.1817795522    1.0000000000
    14   3   3   1   1
      0.4109314711    1.0000000000
    15   3   3   1   1
      1.7537818517    1.0000000000
    16   4   4   1   1
      0.1091456250    1.0000000000
    17   4   4   1   1
      1.5354808758    1.0000000000
    18   5   5   1   1
      0.5700844703    1.0000000000

# RI basis set for W, GTH-PBE-q14 pseudo, relative accuracy of RI-MP2: 1.1e-04
W  RI_GTH-PBE-q14_77_7_4_3_2_2_1_0_1.1e-04
   19
     1   0   0   1   1
      0.1872964879    1.0000000000
     2   0   0   1   1
      0.3247221302    1.0000000000
     3   0   0   1   1
      0.5648881899    1.0000000000
     4   0   0   1   1
      0.9830877216    1.0000000000
     5   0   0   1   1
      1.7089839947    1.0000000000
     6   0   0   1   1
      2.9721184995    1.0000000000
     7   0   0   1   1
      5.1717033430    1.0000000000
     8   1   1   1   1
      0.2673835965    1.0000000000
     9   1   1   1   1
      0.6524986060    1.0000000000
    10   1   1   1   1
      1.3725419468    1.0000000000
    11   1   1   1   1
      3.4722591304    1.0000000000
    12   2   2   1   1
      0.2960034457    1.0000000000
    13   2   2   1   1
      0.9468625081    1.0000000000
    14   2   2   1   1
      1.8581111305    1.0000000000
    15   3   3   1   1
      0.4146817423    1.0000000000
    16   3   3   1   1
      2.0109593433    1.0000000000
    17   4   4   1   1
      0.4255550407    1.0000000000
    18   4   4   1   1
      1.6995586842    1.0000000000
    19   5   5   1   1
      0.5687327946    1.0000000000

# RI basis set for W, GTH-PBE-q14 pseudo, relative accuracy of RI-MP2: 1.9e-05
W  RI_GTH-PBE-q14_87_7_5_3_3_2_1_0_1.9e-05
   21
     1   0   0   1   1
      0.1872190608    1.0000000000
     2   0   0   1   1
      0.3247078234    1.0000000000
     3   0   0   1   1
      0.5649033005    1.0000000000
     4   0   0   1   1
      0.9832565666    1.0000000000
     5   0   0   1   1
      1.7094198255    1.0000000000
     6   0   0   1   1
      2.9723046489    1.0000000000
     7   0   0   1   1
      5.1709375302    1.0000000000
     8   1   1   1   1
      0.1963495646    1.0000000000
     9   1   1   1   1
      0.4235942317    1.0000000000
    10   1   1   1   1
      0.9640716138    1.0000000000
    11   1   1   1   1
      2.1264715960    1.0000000000
    12   1   1   1   1
      4.9707620352    1.0000000000
    13   2   2   1   1
      0.3144560971    1.0000000000
    14   2   2   1   1
      0.9670914441    1.0000000000
    15   2   2   1   1
      1.8354483019    1.0000000000
    16   3   3   1   1
      0.4112343866    1.0000000000
    17   3   3   1   1
      0.6365241175    1.0000000000
    18   3   3   1   1
      2.2533578829    1.0000000000
    19   4   4   1   1
      0.5025977337    1.0000000000
    20   4   4   1   1
      1.9981589910    1.0000000000
    21   5   5   1   1
      0.7524259736    1.0000000000

# RI basis set for W, GTH-PBE-q14 pseudo, relative accuracy of RI-MP2: 8.4e-06
W  RI_GTH-PBE-q14_98_7_5_3_3_2_2_0_8.4e-06
   22
     1   0   0   1   1
      0.1884148144    1.0000000000
     2   0   0   1   1
      0.3249815594    1.0000000000
     3   0   0   1   1
      0.5654635875    1.0000000000
     4   0   0   1   1
      0.9852015397    1.0000000000
     5   0   0   1   1
      1.7103819120    1.0000000000
     6   0   0   1   1
      2.9710141007    1.0000000000
     7   0   0   1   1
      5.1691279738    1.0000000000
     8   1   1   1   1
      0.1881972686    1.0000000000
     9   1   1   1   1
      0.4505118452    1.0000000000
    10   1   1   1   1
      1.0576596029    1.0000000000
    11   1   1   1   1
      2.0584745349    1.0000000000
    12   1   1   1   1
      4.7174613154    1.0000000000
    13   2   2   1   1
      0.3052978876    1.0000000000
    14   2   2   1   1
      1.0519484155    1.0000000000
    15   2   2   1   1
      1.6979073270    1.0000000000
    16   3   3   1   1
      0.3305401960    1.0000000000
    17   3   3   1   1
      0.8708947300    1.0000000000
    18   3   3   1   1
      2.2447791548    1.0000000000
    19   4   4   1   1
      0.5071801584    1.0000000000
    20   4   4   1   1
      1.9637457622    1.0000000000
    21   5   5   1   1
      0.4051419942    1.0000000000
    22   5   5   1   1
      1.0788388842    1.0000000000

# RI basis set for W, GTH-PBE-q14 pseudo, relative accuracy of RI-MP2: 3.0e-06
W  RI_GTH-PBE-q14_103_7_5_4_3_2_2_0_3.0e-06
   23
     1   0   0   1   1
      0.1883450821    1.0000000000
     2   0   0   1   1
      0.3250442044    1.0000000000
     3   0   0   1   1
      0.5658963018    1.0000000000
     4   0   0   1   1
      0.9862437443    1.0000000000
     5   0   0   1   1
      1.7104917565    1.0000000000
     6   0   0   1   1
      2.9684948537    1.0000000000
     7   0   0   1   1
      5.1647642715    1.0000000000
     8   1   1   1   1
      0.1965473594    1.0000000000
     9   1   1   1   1
      0.4444593879    1.0000000000
    10   1   1   1   1
      1.0861052688    1.0000000000
    11   1   1   1   1
      2.0176787954    1.0000000000
    12   1   1   1   1
      4.5551395557    1.0000000000
    13   2   2   1   1
      0.2635164580    1.0000000000
    14   2   2   1   1
      0.7317447392    1.0000000000
    15   2   2   1   1
      1.5026917545    1.0000000000
    16   2   2   1   1
      2.9864983450    1.0000000000
    17   3   3   1   1
      0.3382619977    1.0000000000
    18   3   3   1   1
      0.9214267414    1.0000000000
    19   3   3   1   1
      2.2155978097    1.0000000000
    20   4   4   1   1
      0.6027802206    1.0000000000
    21   4   4   1   1
      2.0347330261    1.0000000000
    22   5   5   1   1
      0.4140200401    1.0000000000
    23   5   5   1   1
      1.1179831039    1.0000000000

# RI basis set for W, GTH-PBE-q14 pseudo, relative accuracy of RI-MP2: 6.6e-07
W  RI_GTH-PBE-q14_112_7_5_4_3_3_2_0_6.6e-07
   24
     1   0   0   1   1
      0.1877435560    1.0000000000
     2   0   0   1   1
      0.3247181341    1.0000000000
     3   0   0   1   1
      0.5652590425    1.0000000000
     4   0   0   1   1
      0.9844829320    1.0000000000
     5   0   0   1   1
      1.7091240002    1.0000000000
     6   0   0   1   1
      2.9680449657    1.0000000000
     7   0   0   1   1
      5.1630666807    1.0000000000
     8   1   1   1   1
      0.2191574202    1.0000000000
     9   1   1   1   1
      0.4371031526    1.0000000000
    10   1   1   1   1
      1.1443468550    1.0000000000
    11   1   1   1   1
      1.8594249203    1.0000000000
    12   1   1   1   1
      4.1537139992    1.0000000000
    13   2   2   1   1
      0.2616417034    1.0000000000
    14   2   2   1   1
      0.7377175904    1.0000000000
    15   2   2   1   1
      2.0945292805    1.0000000000
    16   2   2   1   1
      3.0846723908    1.0000000000
    17   3   3   1   1
      0.3376708461    1.0000000000
    18   3   3   1   1
      0.9943619677    1.0000000000
    19   3   3   1   1
      2.2315232492    1.0000000000
    20   4   4   1   1
      0.3384716809    1.0000000000
    21   4   4   1   1
      0.9724417821    1.0000000000
    22   4   4   1   1
      2.3352771986    1.0000000000
    23   5   5   1   1
      0.4301083066    1.0000000000
    24   5   5   1   1
      1.2280956933    1.0000000000
